0,0.8,6226.0,22873
0,0.3,8044.0,26888
0,0.5,6511.0,21935
1,0.8,5453.0,25860
1,0.3,8589.0,28183
1,0.5,7372.0,17229
2,0.8,7641.0,9471
2,0.3,7651.0,19775
2,0.5,8238.0,18500
3,0.8,8020.0,12117
3,0.3,5984.0,46906
3,0.5,7348.0,16941
4,0.8,9477.0,15951
4,0.3,7827.0,24659
4,0.5,6819.0,19045
5,0.8,9816.0,16108
5,0.3,7577.0,23278
5,0.5,9771.0,20255
6,0.8,6838.0,17309
6,0.3,7933.0,35713
6,0.5,5985.0,27329
7,0.8,5686.0,26029
7,0.3,6115.0,46138
7,0.5,8566.0,19086
8,0.8,8405.0,10826
8,0.3,8793.0,19980
8,0.5,9015.0,9591
9,0.8,9599.0,18040
9,0.3,8436.0,21709
9,0.5,8728.0,11745
10,0.8,8296.0,15150
10,0.3,8434.0,18751
10,0.5,7945.0,9975
11,0.8,7214.0,15409
11,0.3,7944.0,23728
11,0.5,8778.0,13432
12,0.8,5054.0,27859
12,0.3,8197.0,24760
12,0.5,8064.0,21692
13,0.8,7583.0,12200
13,0.3,6178.0,29547
13,0.5,8667.0,16049
14,0.8,7814.0,10155
14,0.3,6849.0,38155
14,0.5,7139.0,22245
15,0.8,10284.0,9466
15,0.3,5414.0,45738
15,0.5,7414.0,20801
16,0.8,5994.0,15077
16,0.3,8695.0,24050
16,0.5,7698.0,16097
17,0.8,8424.0,14110
17,0.3,7955.0,24787
17,0.5,5921.0,25424
18,0.8,8110.0,15669
18,0.3,7674.0,23589
18,0.5,7047.0,19986
19,0.8,9842.0,16170
19,0.3,6322.0,32646
19,0.5,8403.0,11751
20,0.8,6910.0,21412
20,0.3,7093.0,26131
20,0.5,8016.0,19311
21,0.8,6266.0,19248
21,0.3,8820.0,25821
21,0.5,9949.0,9631
22,0.8,8829.0,8673
22,0.3,7546.0,23539
22,0.5,9055.0,14813
23,0.8,7552.0,17354
23,0.3,7650.0,23516
23,0.5,7632.0,15712
24,0.8,5588.0,17356
24,0.3,7511.0,26744
24,0.5,7925.0,21052
25,0.8,9223.0,22397
25,0.3,8946.0,23551
25,0.5,6328.0,18545
26,0.8,8987.0,10328
26,0.3,6874.0,30568
26,0.5,7445.0,17482
27,0.8,9180.0,12444
27,0.3,7978.0,27713
27,0.5,6784.0,15068
28,0.8,9298.0,8494
28,0.3,8319.0,21391
28,0.5,9210.0,21215
29,0.8,8474.0,20863
29,0.3,8421.0,19837
29,0.5,8731.0,9581
