0,1,990.0000000058308,2165
0,2,990.6450850927489,2215
1,2,990.178518431136,2091
1,1,990.0001200524566,2198
2,1,990.000007904216,3427
2,2,990.1063314620123,2969
3,2,990.248390203832,2601
3,1,990.0000539412652,2679
4,2,990.0157634950059,1733
4,1,990.0002026767628,2172
5,1,990.0000150382402,2068
5,2,990.0079435490487,1519
6,2,990.0104466844758,1513
6,1,990.0000447162213,1921
7,1,990.0000010704076,1810
7,2,990.634960154049,1404
8,1,990.0000001809103,1883
8,2,990.1416462444104,1567
9,2,990.043994388006,1595
9,1,990.0000168111789,1883
10,1,990.0000129727837,1872
10,2,990.0160861383972,1403
11,1,990.0000147786056,1772
11,2,990.2105447535695,1408
12,1,990.000003737415,1775
12,2,990.0006531607166,1385
13,1,990.0000283866044,1814
13,2,990.0017333031924,1423
14,1,990.0000173854786,1770
14,2,990.2207208556421,1642
15,2,990.002986202732,1693
15,1,990.0000181292369,2770
16,1,990.0000078576527,2631
16,2,990.0353407928695,1961
17,2,990.0013507301953,1787
17,1,990.0000063343821,2387
18,1,990.0000316151109,1995
18,2,990.4188891320416,1646
19,2,990.0027359430419,1851
19,1,990.0000248889961,2060
20,1,990.0000382303756,2411
20,2,990.1057277942963,1584
21,1,990.0000129380566,1950
21,2,990.0881349495904,1407
22,1,990.0004063047581,1865
22,2,990.379327909758,1424
23,1,990.0000161031928,1764
23,2,990.0773019808942,1408
24,1,990.0000052577763,1756
24,2,990.0002095920792,1380
25,2,990.0313973278352,1372
25,1,990.0000022326219,1759
26,1,990.0000530665952,1754
26,2,990.4632026356999,1392
27,2,990.3698514074523,1381
27,1,990.0000457370023,1756
28,1,990.0001369382654,1759
28,2,990.00346386549,1377
29,1,990.0000001549784,1773
29,2,990.0026782346442,1380
